
299 19[-20.161133535586636, -76.75262240028435][-18.508861173749246, -85.27755719548585]
299 19[-17.51511069655687, -74.94704967667914][-19.892667269329223, -83.00584680811505]
299 19[-17.51511069655687, -74.94704967667914][-19.892667269329223, -83.00584680811505]
299 19[-15.416217590324843, -75.30861919367665][-18.340827250722285, -82.5613576067814]
299 19[-18.269473112882146, -73.24368470153495][-19.195256075248015, -82.74384370344686]
299 19[-19.089163707733814, -72.51244067403024][-18.18768181618082, -80.30814781732111]
299 19[-18.52861740318806, -77.646243249366][-16.061360749432946, -81.79619744278133]
299 19[-18.444471128655458, -74.66066599046736][-18.332908101639145, -78.87245896744149]
299 19[-20.41733841971127, -72.55435311711945][-19.155218136810213, -83.0115528691603]
299 19[-17.51511069655687, -74.94704967667914][-19.892667269329223, -83.00584680811505]False